taxi-forfait-aeroport.fr
central-taxi-paris.fr
taxienligne.com
centrale-taxi-marseille.fr
booking7-taxi.fr
standinglines.fr
standard-reservation-taxi.fr
+33 4 85 92 00 91
+33 1 86 22 07 67
+33 1 86 22 36 00
+33 1 86 22 16 26
+33485920091
+33186220767
+33186223600
+33186221626
04 85 92 00 91
01 86 22 07 67
01 86 22 36 00
01 86 22 16 26
0485920091
0186220767
0186223600
0186221626
taximarseille13.fr
0638760626
06 38 76 06 26
+33638760626
+33 6 38 76 06 26
04 83 43 72 34
0483437234
+33 4 83 43 72 34
+33483437234
in-the-taxi.hubside.fr
09 73 32 33 92
0973323392
+33973323392
+33 9 73 32 33 92
+33 7 68 89 91 41
07 68 89 91 41
+33768899141
0768899141
mon-vtc-marseille.fr
g7-taxi.com
0189565700
01 89 56 57 00
+33189565700
+33 1 89 56 57 00
g7-taxi.net
01 86 223 777
0186223777
01 86 22 37 77
+33 1 86 22 37 77
+33186223777
g7taxi-reservations.com
taxi-g7-service.com
g7-taxis-reservation.com
g7-service.com
g7-taxi-service.fr
prixtaxi.fr
g7-taxis-reservations.com
+33176231459
0176231459
+33 1 76 23 14 59
01 76 23 14 59
+33186220696
+33 1 86 22 06 96
0186220696
01 86 22 06 96
+33186220979
+33 1 86 22 09 79
0186220979
01 86 22 09 79
+33186221676
0186221676
+33 1 86 22 16 76
01 86 22 16 76
+33186221797
0186221797
01 86 22 17 97
+33 1 86 22 17 97
+33186222206
0186222206
01 86 22 22 06
+33 1 86 22 22 06
+33186222266
0186222266
+33 1 86 22 22 66
01 86 22 22 66
+33186222299
0186222299
+33 1 86 22 22 99
01 86 22 22 99
+33186222810
0186222810
+33 1 86 22 28 10
01 86 22 28 10
+33186222919
0186222919
+33 1 86 22 29 19
01 86 22 29 19
+33186223777
0186223777
+33 1 86 22 37 77
01 86 22 37 77
+33186223800
0186223800
+33 1 86 22 38 00
01 86 22 38 00
+33186908543
0186908543
+33 1 86 90 85 43
01 86 90 85 43
+33186909191
01 86 90 91 91
0186909191
+33 1 86 90 91 91
+33189560117
0189560117
+33 1 89 56 01 17
01 89 56 01 17
+33189566640
0189566640
+33 1 89 56 66 40
01 89 56 66 40
+33367182333
+33 3 67 18 23 33
03 67 18 23 33
0367182333
+33412010448
0412010448
+33 4 12 01 04 48
04 12 01 04 48
+33412044959
0412044959
+33 4 12 04 49 59
04 12 04 49 59
+33485920091
0485920091
+33 4 85 92 00 91
04 85 92 00 91
+33186220767
0186220767
+33 1 86 22 07 67
01 86 22 07 67
+33186221575
0186221575
+33 1 86 22 15 75
01 86 22 15 75
+33189565700
0189565700
+33 1 89 56 57 00
01 89 56 57 00
+33186908544
0186908544
+33 1 86 90 85 44
01 86 90 85 44
+33186908541
0186908541
+33 1 86 90 85 41
01 86 90 85 41
+33186908542
0186908542
+33 1 86 90 85 42
01 86 90 85 42
+33186223666
0186223666
+33 1 86 22 36 66
01 86 22 36 66
g7-taxiline.fr
g7-taxis.com
+33 1 84 80 83 23
+33184808323
0184808323
01 84 80 83 23
+33 1 87 66 56 96
+33187665696
0187665696
01 87 66 56 96
+33 1 87 66 57 97
+33187665797
01 87 66 57 97
0187665797
+33 1 87 66 59 39
+33187665939
01 87 66 59 39
0187665939
+33 1 87 66 70 50
01 87 66 70 50
+33187667050
0187667050
+33 1 87 66 75 17
01 87 66 75 17
0187667517
01 87 66 75 17
booking-taxi.fr
taxis-parisien.fr
0187667050
+33187667050
01 87 66 70 50
+33 1 87 66 70 50
01 87 66 70 50
+33187667050
0187667050
+33 1 87 66 70 50
taxiline.fr
01 87 66 57 97
+33 1 87 66 57 97
0187665797
+33187665797
g7-taxis-paris.com
g7-taxis-paris.fr
taxilow.fr
01 79 75 76 70
+33 1 79 75 76 70
+33179757670
0179757670
booking-taxi.com
lyon-taxi.com
04 65 84 50 60
+33 4 65 84 50 60
0465845060
+33465845060
taxis-parisien.fr
0187667050
+33187667050
01 87 66 70 50
+33 1 87 66 70 50
g7-officiel.com
+33 1 79 75 76 70
01 79 75 76 70
+33179757670
0179757670
g7-paris.com
0187661484
01 87 66 14 84
+33187661484
+33 1 87 66 14 84
call-taxi.fr
taxi-site.fr
taxis-service.fr
taxi-france.com
site-taxi.fr
reservation-taxis.com
reservation-taxi-parisiens.fr
taxi-roissy-orly.com
le-taxi.fr
g.7-taxi.com
taxi-aéroport.com
lyon-taxi.com
taxis-parisien.fr
booking-taxi.com
booking-taxi.fr
appli-taxi.fr
service-reservation-taxi.fr
taxi-aeroport-roissy.fr
application-taxis.fr
appler-taxi.fr
services-taxi.fr
01 89 71 39 08
0189713908
+33 1 89 71 39 08
+33189713908
01 89 71 39 78
0189713978
+33 1 89 71 39 78
+33189713978
01 89 71 39 76
+33 1 89 71 39 76
+33189713976
0189713976
+33189714025
+33 1 89 71 40 25
01 89 71 40 25
0189713908
+33189713908
+33 1 89 71 39 08
01 89 71 39 08
0189713974
+33189713974
+33 1 89 71 39 74
01 89 71 39 74
0189713908
+33189713908
+33 1 89 71 39 08
01 89 71 39 08
01 89 71 39 67
0189713967
+33189713967
+33 1 89 71 39 67
0189713975
+33189713975
+33 1 89 71 39 75
01 89 71 39 75
0189713977
+33189713977
+33 1 89 71 39 77
01 89 71 39 77
7-taxi.fr
appeler-taxiparis.fr
application-g7.fr
application-taxi.fr
assistance-depannage-auto.fr
booking7-taxi.com
booking7-taxi.fr
borne-dappel-taxi.fr
central-taxi-france.fr
central-taxi-paris.fr
centrale-taxi-geneve.ch
devis-taxis.fr
forfait-taxi.fr
g-7.taxi
g7-paris.com
g7-reservation.taxi
g7-service.fr
g7-site.com
g7-site.fr
g7-taxi-parisien.com
g7-taxi-parisien.fr
g7-taxi-service.com
g7enligne.com
g7enligne.fr
g7paris-taxi.com
g7paris.com
g7service-taxi.com
g7service-taxi.fr
g7service.com
g7taxi-service.com
g7taxi-service.fr
g7taxis-paris.com
le-taxi.fr
letaxig7.com
lyon-taxi.com
numero-taxi-paris.fr
oui-taxi.co
paris-g7.com
reservation-g7-taxi.fr
reservation-taxi-parisiens.fr
reservation-taxis.com
reserver-taxi-g7.paris
site-taxi.fr
standard-reservation-taxi.fr
standard-taxi-reservation.fr
tarif-taxi.fr
taxi-asterix.fr
taxi-disneyland.fr
taxi-en-ligne.fr
taxi-essonnes.fr
taxi-forfait-aeroport.fr
taxi-france.com
taxi-g7.center
taxi-g7reservation.com
taxi-hauts-de-seine.fr
taxi-seine-saint-denis.fr
taxi-site.com
taxi-site.fr
taxi-val-de-marne.fr
taxi-valdoise.fr
taxig7-reservation.info
taxis-les-yvelines.fr
taxis-online.fr
taxis-parisien.fr
taxis-parisiens.fr
taxis-seine-et-marne.fr
taxis-service.fr
vol-air-france.info
vtc-line.com
vtcline.fr
xn--central-rservation-taxi-parisien-j3c.fr
taxi-aéroport-geneve.ch
g-7taxi.com
centrale-taxi-lyon.fr
centrale-taxi-marseille.fr
taxi-paris-banlieue.fr
7-taxi.com
hotel-alger.com
algerie-hotel.com
hotel-algerie.com
g7-appllication.fr
taxi-application-paris.fr
taxi-application.fr
réserver-taxi.fr
taxi-disney.com
taxi-astérix.com
taxi-réservation.com
taxi-aéroport.com
g7-reserver.fr
booking-g7.com
booking-g7.fr
booking-taxi.com
location-voiture-algerie.fr
g7-taxi-airport.com
taxi-roissy-orly.com
taxienligne.fr
g7-taxi.org
g7taxi-compagnie.fr
g7-cab.com
taxi-paris-g7.com
taxi-paris.site
g7-taxi.site
g7taxi.site
g7taxi-france.fr
g7taxi-france.com
g7taxi-reservations.com
g7taxi-paris.com
g7taxi.net
taxi-g7.site
taxi-g7-booking.com
tripadvisor-taxi.com
tripadvisor-taxi.fr
taxi-g-7.com
taxi-g7-reservation.fr
taxi-reservation-g7.com
g-7taxi.com
taxi-g7.net
taxi-rhone-alpes.com
marseille-taxi.com
goodriver.fr
taxi-booking7.fr
taxi-aeroport-orly.fr
taxi-aeroport-roissy.fr
service-reservation-taxi.fr
service-taxi-parisien.fr
application-taxis.fr
appler-taxi.fr
appli-taxi.fr
services-taxi.fr
taxiline.fr
centrale7taxi.fr
taxienligne.com
g7-taxi.net
call-taxi.fr
g7-reservation.site
g7-taxi-reserver.com
g7-taxi-services.com
g7-taxi.taxi
g7-taxi.tel
g7taxi-parisien.com
g7taxi-services.com
taxi-g7-reserver.com
g7-taxi-reserver.com
01 89 71 39 77
0189713977
+33189713977
+33 1 89 71 39 77
01 89 71 39 75
0189713975
+33189713975
+33 1 89 71 39 75
01 89 71 39 69
0189713969
+33189713969
+33 1 89 71 39 69
01 89 71 39 74
0189713974
+33189713974
+33 1 89 71 39 74
01 89 71 39 76
0189713976
+33189713976
+33 1 89 71 39 76
01 89 71 40 31
0189714031
+33189714031
+33 1 89 71 40 31
01 89 71 39 66
0189713966
+33189713966
+33 1 89 71 39 66
01 89 71 40 25
0189714025
+33189714025
+33 1 89 71 40 25
01 89 71 39 78
0189713978
+33189713978
+33 1 89 71 39 78
01 89 71 39 08
0189713908
+33189713908
+33 1 89 71 39 08
01 89 71 39 67
0189713967
+33189713967
+33 1 89 71 39 67
01 89 71 39 79
0189713979
+33189713979
+33 1 89 71 39 79
01 89 71 40 29
0189714029
+33189714029
+33 1 89 71 40 29
01 89 71 39 64
0189713964
+33189713964
+33 1 89 71 39 64
01 89 71 40 29
0189714029
+33189714029
+33 1 89 71 40 29
01 87 66 14 84
0187661484
+33187661484
+33 1 87 66 14 84
01 87 66 24 27
0187662427
+33187662427
+33 1 87 66 24 27
04 65 84 50 60
0465845060
+33465845060
+33 4 65 84 50 60
01 89 71 39 68
0189713968
+33189713968
+33 1 89 71 39 68
01 89 71 42 67
0189714267
+33189714267
+33 1 89 71 42 67
01 89 71 39 68
0189713968
+33189713968
+33 1 89 71 39 68
01 89 71 39 79
0189713979
+33189713979
+33 1 89 71 39 79
01 89 71 39 65
0189713965
+33189713965
+33 1 89 71 39 65
01 89 71 39 77
0189713977
+33189713977
+33 1 89 71 39 77
01 89 71 39 08
0189713908
+33189713908
+33 1 89 71 39 08
01 89 71 39 69
0189713969
+33189713969
+33 1 89 71 39 69
01 89 73 00 15
0189730015
+3318973015
+33 1 89 73 00 15
01 89 71 40 31
0189714031
+33189714031
+33 1 89 71 40 31
01 89 71 39 76
0189713976
+33189713976
+33 1 89 71 39 76
01 89 71 39 75
0189713975
+33189713975
+33 1 89 71 39 75
01 89 71 39 66
0189713966
+33189713966
+33 1 89 71 39 66
01 89 71 39 67
0189713967
+33189713967
+33 1 89 71 39 67
01 89 71 40 29
0189714029
+33189714029
+33 1 89 71 40 29
01 89 71 39 64
0189713964
+33189713964
+33 1 89 71 39 64
01 89 71 39 78
0189713978
+33189713978
+33 1 89 71 39 78
01 89 71 40 25
0189714025
+33189714025
+33 1 89 71 40 25
01 89 71 39 74
0189713974
+33189713974
+33 1 89 71 39 74
g7taxi-lyon.com
04 51 42 03 28
+33 4 51 42 03 28
0451420328
+33451420328
taxi-transfert.com
04 12 29 01 77
0412290177
+33 4 12 29 01 77
+33412290177
taxi-transfert.com
04 12 29 01 77
0412290177
+33 4 12 29 01 77
+33412290177
01 89 71 40 31
0189714031
+33189714031
+33 1 89 71 40 31
g7taxi-paris.com
taxi-transfert.com
04 12 29 01 77
0412290177
+33 4 12 29 01 77
+33412290177
g7taxi-lyon.com
04 51 42 03 28
0451420328
+33 4 51 42 03 28
+33451420328
g7taxi-centrale.com
01 89 73 00 15
+33 1 89 73 00 15
0189730015
+33189730015
01 89 71 39 64
0189713964
+33 1 89 71 39 64
+33189713964
taxiline.fr/reserver
g7taxi-service.com
0189730015
01 89 73 00 15
+33 1 89 73 00 15
+33189730015
g7taxi-centrale.com
01 89 73 00 15
0189730015
+33189730015
+33 1 89 73 00 15
taxi-réservez.com
taxi-reservez.com
reservation-taxi.com
01 89 71 83 90
0189718390
+33189718390
+33 1 89 71 83 90
